2015-08-20T13:18:30.535Z
ed
inputgrainmass:undefined
inputgraintype:undefined
inputhotairgates:undefined
inputairvents:undefined
inputburnertemp:undefined
inputdischargetime:undefined
inputfinalmoisture:undefined
7, 18.556035682559013
8, 74.26652675494552
9, 68.74679671600461
10, 5.8105445466935635
11, 67.40890175569803
12, 61.75254895351827
13, 18.92582830041647
14, 42.443576897494495
15, 53.82261052727699
16, 7.209774316288531
17, 31.396370707079768
18, 82.08712155465037
19, 69.55072432756424
1, 2.0071876235306263
2, 84.73034780472517
3, 53.64718665368855
4, 12.525554792955518
5, 73.57749342918396
6, 64.22693107742816
7, 17.991937580518425
8, 79.11257848609239
9, 23.044531303457916
10, 1.840263302437961
11, 32.5830380897969
12, 73.08651455678046
13, 91.69110646471381
14, 72.90660510770977
15, 45.93337485566735
16, 35.88932538405061
17, 6.508980598300695
18, 28.380083781667054
19, 86.29799045156687
1, 24.09231828060001
2, 59.04382092412561
3, 87.73217455018312
4, 42.084402567707
5, 20.646825549192727
6, 88.29030534252524
7, 8.450213470496237
8, 9.38558829948306
9, 79.02662081178278
10, 31.347686564549804
11, 37.75781395379454
12, 30.481679900549352
13, 89.05520970001817
14, 8.149492321535945
15, 16.7684716405347
16, 1.8047760240733624
17, 61.6556687746197
18, 16.16099262610078
19, 19.53395870514214
1, 26.92057774402201
2, 6.48711312096566
3, 35.52701282314956
4, 59.50214462354779
5, 83.51895466912538
6, 31.064788764342666
7, 52.88547561503947
8, 84.25236684270203
9, 40.64698538277298
10, 54.46974833030254
11, 28.84054679889232
12, 92.26952705066651
13, 27.994124148972332
14, 55.96741624176502
15, 77.93235725257546
16, 52.666061790660024
17, 82.25665995851159
18, 70.42613262310624
19, 6.54302635230124
1, 79.30580759420991
2, 33.03367325570434
3, 19.988968316465616
4, 40.57565885595977
5, 26.078979577869177
6, 49.160355143249035
7, 94.07692584209144
8, 74.2873681243509
9, 52.27405335754156
10, 15.466347988694906
11, 30.43311070650816
12, 90.60375210829079
13, 8.75604406464845
14, 14.389440626837313
15, 33.33582477644086
16, 22.601077239960432
17, 75.30319653451443
18, 2.013057633303106
19, 97.86295518279076
1, 37.3384382808581
2, 9.253404662013054
3, 89.19639801606536
4, 67.4100082134828
5, 85.00255516264588
6, 62.83013098873198
7, 8.795192837715149
8, 31.587289064191282
9, 95.71037648711354
10, 3.5386404953897
11, 85.93892680946738
12, 36.92442674655467
13, 21.920063463039696
14, 40.75958635658026
15, 0.3861459204927087
16, 65.60967825353146
17, 59.02664817404002
18, 92.60126310400665
19, 14.771224884316325
1, 27.309129503555596
2, 15.168372029438615
3, 58.52501110639423
4, 5.2326074335724115
5, 25.01759403385222
6, 33.165673865005374
7, 30.618372722528875
8, 97.18956486321986
9, 49.18326726183295
10, 32.139846589416265
11, 0.3936862573027611
12, 2.617263048887253
13, 18.40088232420385
14, 34.41429282538593
15, 36.56591554172337
16, 55.19345335196704
17, 43.95176279358566
18, 39.61344275157899
19, 66.85825970489532
1, 5.637974641285837
2, 16.173382732085884
3, 26.97364529594779
4, 81.43314812332392
5, 34.65681152883917
6, 87.4402139801532
7, 81.86717173084617
8, 70.11341350153089
9, 90.54689870681614
10, 60.29032275546342
11, 86.1704929266125
12, 90.86915454827249
13, 75.83270985633135
14, 96.2365752318874
15, 35.299187363125384
16, 30.05115087144077
17, 25.537247769534588
18, 47.978523396886885
19, 12.959516094997525
1, 18.476608023047447
2, 3.5342656075954437
3, 80.75589067302644
4, 48.34205738734454
5, 64.36327500268817
6, 20.370749454014003
7, 47.7890944108367
8, 54.10460545681417
9, 39.05914875213057
10, 20.50096830353141
11, 10.736442659981549
12, 86.17902260739356
13, 44.34782711323351
14, 69.79180208873004
15, 96.9016311923042
16, 90.33364187926054
17, 92.10752481594682
18, 89.60871121380478
19, 18.755671521648765
1, 27.3821908980608
2, 54.633530019782484
3, 8.555939793586731
4, 51.7677754862234
5, 40.187672385945916
6, 52.81400445383042
7, 76.32436349522322
8, 63.75420030672103
9, 75.21877244580537
10, 79.9563514534384
11, 57.95937755610794
12, 6.814732518978417
13, 38.89432332944125
14, 96.01751412265003
15, 37.817860301584005
16, 63.80863774102181
17, 68.24858270119876
18, 13.235647464171052
19, 70.8401603391394
1, 43.4261888731271
2, 24.553268705494702
3, 67.57038163486868
4, 94.63020279072225
5, 72.84258354920894
6, 75.69187176413834
7, 26.03122484870255
8, 66.71575019136071
9, 80.90559281408787
10, 98.43268995173275
11, 59.46547745261341
12, 31.881023454479873
13, 63.25659919530153
14, 73.16973565611988
15, 33.775214897468686
16, 69.11701182834804
17, 69.93943518027663
18, 8.399065025150776
19, 84.1506476746872
1, 60.12303587049246
2, 45.206434722058475
3, 60.30909738037735
4, 35.99883208516985
5, 18.048234470188618
6, 2.8902568388730288
7, 14.271304477006197
8, 56.87371862586588
9, 36.242275359109044
10, 50.39062451105565
11, 70.1134794857353
12, 81.76998912822455
13, 80.81042002886534
14, 46.03914092294872
15, 89.85990709625185
16, 6.503767822869122
17, 59.781065420247614
18, 77.9033439932391
19, 23.964667017571628
1, 14.582734601572156
2, 50.75561173725873
3, 55.84656165447086
4, 81.56940741464496
5, 24.239209736697376
6, 34.43414862267673
7, 0.6641964195296168
8, 38.43968757428229
9, 85.35205144435167
10, 39.81874983292073
11, 14.640864194370806
12, 42.58921747095883
13, 29.33723407331854
14, 78.61470854841173
15, 8.668281673453748
16, 93.86779523920268
17, 43.11063301283866
18, 59.3205135082826
19, 67.62943232897669
1, 91.73634038306773
2, 7.857392798177898
3, 91.98008985258639
4, 52.37333597615361
5, 32.754797814413905
6, 37.88520162925124
7, 72.99447117839009
8, 20.2259219950065
9, 1.36891626752913
10, 16.140339872799814
11, 12.371051171794534
12, 46.99815160129219
13, 80.91544585768133
14, 60.22850791923702
15, 68.18934006150812
16, 24.824611679650843
17, 37.53878832794726
18, 41.48222487419844
19, 93.11032244004309
1, 94.71293203532696
2, 13.495620852336287
3, 18.224901519715786
4, 3.0903316335752606
5, 66.91158558242023
6, 71.33726375177503
7, 48.048725561238825
8, 8.320216601714492
9, 28.162988275289536
10, 99.62233796250075
11, 93.01942547317594
12, 65.86431604810059
13, 41.21284666471183
14, 93.70837826281786
15, 24.533894984051585
16, 19.118181569501758
17, 45.246552443131804
18, 73.8182119326666
19, 78.76679522451013
1, 9.308544732630253
2, 4.513350431807339
3, 50.810006307438016
4, 28.92214572057128
5, 96.89644793979824
6, 95.29114267788827
7, 81.97593616787344
8, 51.95200296584517
9, 34.42806242965162
10, 96.86263832263649
11, 55.53233418613672
12, 50.65370607189834
13, 99.1448950720951
14, 72.10503537207842
15, 81.87593936454505
16, 33.132559596560895
17, 33.06008321233094
18, 8.997260360047221
19, 3.762355330400169
1, 32.58917715866119
2, 85.15126917045563
3, 57.713021035306156
4, 91.31725530605763
5, 37.43693204596639
6, 91.90177775453776
7, 10.737177217379212
8, 6.087152054533362
9, 25.82970589864999
10, 66.83327367063612
11, 27.79321048874408
12, 68.40046553406864
13, 63.551227119751275
14, 64.65182211250067
15, 94.3831337383017
16, 55.08387123700231
17, 52.54116372670978
18, 89.53088503330946
19, 85.72173814754933
1, 1.6014897031709552
2, 72.52352242358029
3, 22.334412205964327
4, 34.69497540500015
5, 68.02121945656836
6, 50.6432946305722
7, 7.450863206759095
8, 35.926387389190495
9, 64.95542211923748
10, 35.27517442125827
11, 75.21124193444848
12, 32.60487103834748
13, 83.89735063537955
14, 38.39703893754631
15, 27.852431312203407
16, 47.88403892889619
17, 84.8972356878221
18, 33.50129700265825
19, 81.44007530063391
1, 48.00620258320123
2, 30.430373968556523
3, 43.9125936711207
4, 7.76758985593915
5, 33.58485666103661
6, 93.46537732053548
7, 89.10785799380392
8, 73.71202544309199
9, 39.23019231297076
10, 48.7953454721719
11, 33.85464621242136
12, 12.205090885981917
13, 12.756967870518565
14, 0.1449044095352292
15, 24.502288713119924
16, 7.5005712220445275
17, 48.756152973510325
18, 0.06529209204018116
19, 84.65503880288452
1, 86.86925838701427
2, 67.79491482302547
3, 38.597143813967705
4, 3.8384710205718875
5, 34.96191371232271
6, 42.28058361914009
7, 2.761295880191028
8, 51.02415541186929
9, 59.85048548318446
10, 45.022918563336134
11, 14.346598763950169
12, 62.739666714333
13, 44.03408912476152
14, 47.367010451853275
15, 37.28060717694461
16, 35.64314420800656
17, 15.032752440311015
18, 79.31656027212739
19, 30.576074868440628
1, 29.351551714353263
2, 26.20671857148409
3, 60.26863642036915
4, 77.8764272108674
5, 50.10052346624434
6, 84.06979362480342
7, 93.98386476095766
8, 83.19531145971268
9, 29.613747773692012
10, 36.64745150599629
11, 59.50346228200942
12, 11.71389203518629
13, 41.78057322278619
14, 50.85745167452842
15, 3.667666018009186
16, 15.553128276951611
17, 78.29434191808105
18, 49.5226260041818
19, 44.64347683824599
1, 68.75358819961548
2, 36.96170614566654
3, 14.188581053167582
4, 60.72443618904799
5, 11.359443073160946
6, 73.40790336020291
7, 68.95720409229398
8, 53.339972253888845
9, 75.88507109321654
10, 61.65518786292523
11, 36.81689689401537
12, 63.382750074379146
13, 88.7838336173445
14, 54.257360473275185
15, 66.60935257095844
16, 64.89246769342571
17, 72.76996274013072
18, 29.045452596619725
19, 61.49343925062567
1, 68.22422405239195
2, 66.47264764178544
3, 59.371278807520866
4, 94.26151195075363
5, 50.90305127669126
6, 54.77283631917089
7, 52.411091909743845
8, 19.4405673770234
9, 36.20168676134199
10, 15.01036062836647
11, 89.11746426019818
12, 47.012961260043085
13, 81.13853477407247
14, 31.06126692146063
15, 96.45810606889427
16, 65.76143223792315
17, 74.0512493532151
18, 50.49273534677923
19, 48.77472196239978
1, 74.52319089788944
2, 61.41242084559053
3, 3.1377610517665744
4, 43.308943044394255
5, 58.73350636102259
6, 32.96537292189896
7, 87.42686773184687
8, 58.33623006474227
9, 95.846649678424
10, 20.412583486177027
11, 9.391969977878034
12, 21.772800316102803
13, 56.37471710797399
14, 20.794042269699275
15, 68.9825039356947
16, 12.670251470990479
17, 26.679235487245023
18, 99.1564302938059
19, 88.4783984394744
1, 87.75518471375108
2, 68.52773940190673
3, 22.38999952096492
4, 37.34674518927932
5, 27.62168135959655
6, 37.351020984351635
7, 12.728757690638304
8, 77.39015680272132
9, 42.36406362615526
10, 20.23993767797947
11, 43.77011947799474
12, 11.86377175617963
13, 97.75050391908735
14, 76.78884423803538
15, 80.41000789962709
16, 39.46587627287954
17, 72.43220810778439
18, 59.94930462911725
19, 63.3481697877869
1, 53.93842731136829
2, 32.09916164632887
3, 48.89629748649895
4, 72.1031958470121
5, 39.982970990240574
6, 22.245783475227654
7, 80.56121356785297
8, 84.61340211797506
9, 56.48920668754727
10, 29.494750034064054
11, 54.37548449262977
12, 97.02220540493727
13, 88.74421389773488
14, 38.69531045202166
15, 94.15199544746429
16, 37.60596793144941
17, 87.63687880709767
18, 79.51738922856748
19, 31.2957369023934
1, 62.01040344312787
2, 20.979750924743712
3, 72.20465817954391
4, 0.32013431191444397
5, 47.55151921417564
6, 98.86104122269899
7, 85.11592876166105
8, 34.895638027228415
9, 66.0010488005355
10, 34.42214848473668
11, 89.25006345380098
12, 50.31064786016941
13, 35.00834493897855
14, 19.593726028688252
15, 19.588473276235163
16, 31.64259190671146
17, 2.4849036475643516
18, 1.3462497852742672
19, 92.95692888554186
1, 95.28373791836202
2, 41.46471908316016
3, 2.504358231090009
4, 66.55581532977521
5, 74.57813820801675
6, 70.13686320278794
7, 6.749421544373035
8, 43.34655690472573
9, 56.79978670086712
10, 5.994625831954181
11, 37.84767121542245
12, 68.47366667352617
13, 4.708228213712573
14, 36.25145012047142
15, 3.138815355487168
16, 64.17527629528195
17, 50.35178470425308
18, 80.84209945518523
19, 22.80935924500227
1, 8.436215948313475
2, 40.186437289230525
3, 12.85001717042178
4, 8.771786838769913
5, 71.53386203572154
6, 28.665884514339268
7, 18.434652709402144
8, 55.0901792710647
9, 42.89415595121682
10, 17.092296248301864
11, 22.557377023622394
12, 90.06727784872055
13, 91.9611990917474
14, 12.823490821756423
15, 49.20694238971919
16, 54.735068418085575
17, 82.76209060568362
18, 0.0718678580597043
19, 33.5484080016613
1, 22.14347254484892
2, 10.646069492213428
3, 41.575732408091426
4, 14.319516951218247
5, 59.89642587956041
6, 71.26077222637832
7, 51.973799359984696
8, 21.793720102868974
9, 30.718460027128458
10, 6.374983675777912
11, 73.28848773613572
12, 92.741106916219
13, 56.04505259543657
14, 17.986989114433527
15, 65.30261430889368
16, 59.57454773597419
17, 2.292969264090061
18, 95.9542433032766
19, 56.55307376291603
1, 3.7164533976465464
2, 9.377350565046072
3, 38.2947476580739
4, 38.95510332658887
5, 20.09042559657246
6, 10.346754104830325
7, 48.174199811182916
8, 77.66951455269009
9, 54.72272299230099
10, 67.63774240389466
11, 57.74953877553344
12, 55.61104097869247
13, 89.63286485522985
14, 54.696723562665284
15, 96.97412070818245
16, 96.59869950264692
17, 49.31797869503498
18, 13.508186978287995
19, 28.627012041397393
1, 77.31334823183715
2, 52.67701344564557
3, 77.2599542979151
4, 83.50011901929975
5, 1.427135057747364
6, 93.31210204400122
7, 91.90338526386768
8, 54.19783447869122
9, 80.06640952080488
10, 59.63039768394083
11, 38.057325687259436
12, 31.19675286579877
13, 65.97804038319737
14, 15.154752228409052
15, 18.364550825208426
16, 68.73226119205356
17, 39.28117996547371
18, 95.40749297011644
19, 84.97195730451494
1, 12.988296081312
2, 58.5563023108989
3, 90.15541097614914
4, 19.176613516174257
5, 23.072889959439635
6, 14.895427622832358
7, 66.39659446664155
8, 50.38175969384611
9, 39.109356119297445
10, 39.58182595670223
11, 79.9784429371357
12, 38.37706453632563
13, 64.28883865009993
14, 51.35518051683903
15, 27.484060497954488
16, 3.960200771689415
17, 62.452761456370354
18, 99.25016027409583
19, 99.27866356447339
1, 39.30419944226742
2, 22.16059088241309
3, 46.84024276211858
4, 11.75933857448399
5, 74.72116607241333
6, 75.80241430550814
7, 34.08511916641146
8, 57.85757687408477
9, 25.905901775695384
10, 75.38605607114732
11, 36.46601021755487
12, 54.2626703158021
13, 35.67044904921204
14, 93.76810919493437
15, 10.400696285068989
16, 72.4823348922655
17, 71.96382901165634
18, 9.263074467889965
19, 66.14517136476934
1, 48.21806165855378
2, 1.8166018882766366
3, 93.48393473774195
4, 14.837802550755441
5, 54.38008587807417
6, 76.583146979101
7, 4.1952356696128845
8, 70.03053701482713
9, 63.24147384148091
10, 4.982297751121223
11, 53.6217835964635
12, 16.29027531016618
13, 59.41328746266663
14, 60.97618667408824
15, 24.563507549464703
16, 39.757433789782226
17, 82.39602327812463
18, 32.00626636389643
19, 56.004945607855916
1, 76.11022896599025
2, 61.10973751638085
3, 54.985880316235125
4, 58.79202662035823
5, 95.75199540704489
6, 91.83188057504594
7, 44.406467070803046
8, 58.78027833532542
9, 97.62626634910703
10, 31.396680022589862
11, 35.179669107310474
12, 37.1464449679479
13, 78.5957673098892
14, 76.25634411815554
15, 44.116841931827366
16, 56.785483937710524
17, 27.38515071105212
18, 21.000844798982143
19, 52.904522186145186
1, 16.035069874487817
2, 2.8561098035424948
3, 72.41471409797668
4, 15.153012610971928
5, 92.27619175799191
6, 63.590447790920734
7, 96.25142863951623
8, 10.708682821132243
9, 5.4179404163733125
10, 85.45415753033012
11, 98.73075024224818
12, 25.680738501250744
13, 88.07239746674895
14, 50.55403907317668
15, 95.86313436739147
16, 97.06668274011463
17, 8.901444682851434
18, 65.0181703036651
19, 70.91698315925896
1, 79.86523061990738
2, 83.81687700748444
3, 1.6895500477403402
4, 89.17110203765333
5, 19.182943645864725
6, 34.328326932154596
7, 75.36948705092072
8, 32.10894949734211
9, 22.166142123751342
10, 28.480547852814198
11, 30.900873127393425
12, 54.12566608283669
13, 24.703686824068427
14, 3.026863094419241
15, 97.65797522850335
16, 1.3812701683491468
17, 60.78798910602927
18, 78.84920663200319
19, 11.323654861189425
1, 37.167064286768436
2, 34.41513227298856
3, 69.67974768485874
4, 58.718336233869195
5, 61.49586911778897
6, 4.380029183812439
7, 39.592606970109046
8, 65.47239252831787
9, 60.543551412411034
10, 7.65482175629586
11, 74.92579598911107
12, 10.896780085749924
13, 29.005385912023485
14, 91.41759367194027
15, 69.66869253665209
16, 79.43504443392158
17, 20.636928640305996
18, 3.5273037618026137
19, 41.94707360584289
1, 87.75446766521782
2, 27.67153161112219
3, 43.642526445910335
4, 71.8166786711663
5, 96.63076845463365
6, 27.834503445774317
7, 29.533232422545552
8, 43.44618360046297
9, 75.50752654206008
10, 44.065113039687276
11, 8.574342564679682
12, 83.4104486508295
13, 37.215220648795366
14, 46.75030081998557
15, 70.8969036815688
16, 84.41894147545099
17, 84.84923876821995
18, 51.45133570767939
19, 89.80643989052624
1, 32.12983326520771
2, 16.543636145070195
3, 9.779957635328174
4, 2.8200757689774036
5, 29.375887429341674
6, 64.58516614511609
7, 58.02888763137162
8, 57.236732938326895
9, 84.45110591128469
10, 66.57056601252407
11, 48.36803739890456
12, 34.40890652127564
13, 61.2741039134562
14, 54.65550601948053
15, 36.241231905296445
16, 49.77231773082167
17, 77.7467931387946
18, 77.17004069127142
19, 45.428892713971436
1, 35.8905183384195
2, 34.25030559301376
3, 58.026958047412336
4, 20.896231569349766
5, 37.56257998757064
6, 86.50435160379857
7, 90.77581870369613
8, 47.217422095127404
9, 17.83952300902456
10, 86.13158806692809
11, 81.97419065982103
12, 21.5151954209432
13, 64.48916408699006
14, 99.2465971969068
15, 44.081638380885124
16, 21.899576671421528
17, 80.28546569403261
18, 37.80546770431101
19, 36.36201634071767
1, 47.7823501219973
2, 19.15032807737589
3, 37.258235923945904
4, 9.54016037285328
5, 31.061496259644628
6, 76.49504076689482
7, 80.5155975278467
8, 63.26832603663206
9, 9.789370559155941
10, 83.14330668654293
11, 58.13749514054507
12, 42.06079551950097
13, 66.27795060630888
14, 83.13040188513696
15, 50.82795948255807
16, 85.43199871201068
17, 93.15673587843776
18, 71.32261323276907
19, 76.54326520860195
1, 83.97820643149316
2, 28.41357565484941
3, 21.311361505649984
4, 13.315525418147445
5, 7.635969202965498
6, 27.168934023939073
7, 47.99810010008514
8, 75.88620239403099
9, 60.16544383019209
10, 23.609304963611066
11, 13.040668261237442
12, 89.44708947092295
13, 69.05878575053066
14, 25.931357918307185
15, 52.51072314567864
16, 23.753701872192323
17, 59.732688684016466
18, 90.47689421568066
19, 74.80579039547592
1, 31.28125702496618
2, 9.756055660545826
3, 60.81127978395671
4, 99.41945197060704
5, 93.76567488070577
6, 0.29353341087698936
7, 79.56353717017919
8, 43.41322605032474
9, 3.927433188073337
10, 53.482859185896814
11, 78.69755243882537
12, 48.931859619915485
13, 26.391446287743747
14, 39.49670013971627
15, 15.01794292125851
16, 29.44805845618248
17, 6.340708420611918
18, 59.52149627264589
19, 37.851727567613125
1, 67.04538445919752
2, 6.79690302349627
3, 6.837524846196175
4, 42.864175024442375
5, 45.990163180977106
6, 87.04286753199995
7, 35.60771765187383
8, 59.72936488687992
9, 38.016255223192275
10, 78.40067043434829
11, 7.553909020498395
12, 39.66694618575275
13, 32.594006904400885
14, 78.8093781331554
15, 78.52095656562597
16, 21.63617315236479
17, 66.23458422254771
18, 96.72875492833555
19, 38.63238915801048
1, 53.20122851990163
2, 30.13449404388666
3, 36.178515083156526
4, 71.87483459711075
5, 54.07891080249101
6, 99.65528675820678
7, 13.65866328123957
8, 3.0173907289281487
9, 27.2847899235785
10, 65.77195927966386
11, 49.94078835006803
12, 80.92513068113476
13, 56.22559366747737
14, 32.6955181080848
15, 51.54613696504384
16, 3.972648736089468
17, 92.22257814835757
18, 56.707464065402746
19, 18.796830787323415
1, 71.03416204918176
2, 86.03864831384271
3, 95.97972291521728
4, 53.90398376621306
5, 99.90361342206597
6, 30.557113769464195
7, 72.61995738372207
8, 86.99930852744728
9, 34.4424465438351
10, 85.45778200495988
11, 62.58955057710409
12, 3.5050524631515145
13, 63.29181620385498
14, 6.552227353677154
15, 44.60908058099449
16, 43.360372027382255
17, 18.298320332542062
18, 49.77211144287139
19, 72.74432324338704
1, 50.82892789505422
2, 10.41813725605607
3, 67.21738318447024
4, 49.85696978401393
5, 47.79771030880511
6, 1.7365321284160018
7, 43.48216950893402
8, 36.93521770182997
9, 5.259062023833394
10, 92.9983455920592
11, 49.19959199614823
12, 37.67705133650452
13, 85.57542650960386
14, 10.434116469696164
15, 83.61098659224808
16, 18.20874181576073
17, 43.816834851168096
18, 47.76945384219289
19, 98.16982289776206
1, 54.45594156626612
2, 93.93722952809185
3, 10.584814846515656
4, 18.416051450185478
5, 15.459808753803372
6, 81.58101462759078
7, 8.154428005218506
8, 26.21391322463751
9, 93.770319246687
10, 63.52859055623412
11, 81.37226062826812
12, 29.55326223745942
13, 48.72595833148807
14, 76.44894043914974
15, 48.96934279240668
16, 22.82339863013476
17, 50.491275265812874
18, 6.609089113771915
19, 72.68977374769747
1, 35.02910702954978
2, 88.30287314485759
3, 63.40029563289136
4, 37.72758066188544
5, 9.652954223565757
6, 94.48864588048309
7, 91.51507422793657
8, 72.4012098275125
9, 88.9326501172036
10, 61.36325735133141
11, 14.918901911005378
12, 23.19153160788119
13, 60.65215014386922
14, 75.51428589504212
15, 88.2739260327071
16, 44.924798933789134
17, 9.916979935951531
18, 20.14844708610326
19, 61.78051824681461
1, 7.631828798912466
2, 57.03539624810219
3, 89.92408867925406
4, 80.62932447064668
5, 58.19131245370954
6, 45.12590814847499
7, 82.0038613397628
8, 67.73046574089676
9, 38.29816277138889
10, 38.87201368343085
11, 14.44372262340039
12, 17.61516649276018
13, 78.28354123048484
14, 54.92202208843082
15, 92.5194818759337
16, 7.978146011009812
17, 94.90739598404616
18, 30.822235881350935
19, 22.762419166974723
1, 30.135128390975296
2, 55.573581042699516
3, 84.87259959802032
4, 89.52692819293588
5, 38.97110312245786
6, 41.0817067604512
7, 88.32428525201976
8, 55.4419320076704
9, 3.2130335923284292
10, 7.880329084582627
11, 85.53423010744154
12, 49.30229152087122
13, 3.7165690446272492
14, 7.355511165224016
15, 94.13321812171489
16, 94.27858111448586
17, 67.30095485690981
18, 6.771760061383247
19, 32.910110941156745
1, 41.29148528445512
2, 6.520963180810213
3, 52.945601753890514
4, 64.82228189706802
5, 86.37079168111086
6, 44.7250957833603
7, 84.67701158951968
8, 89.67586131766438
9, 43.5087313875556
10, 35.45483367051929
11, 59.35335319954902
12, 51.024809293448925
13, 75.6301206536591
14, 76.7699671909213
15, 11.771297478117049
16, 6.124948663637042
17, 23.178084124810994
18, 7.2573942597955465
19, 15.087208151817322
1, 75.16655465587974
2, 18.385549960657954
3, 75.81807523965836
4, 25.084128929302096
5, 79.67086434364319
6, 29.974868637509644
7, 43.79044824745506
8, 77.04998895060271
9, 33.25264558661729
10, 34.42265917547047
11, 8.001620951108634
12, 96.94406376220286
13, 53.812602860853076
14, 27.22915760241449
15, 48.28690364956856
16, 45.673449034802616
17, 89.01942961383611
18, 43.208053219132125
19, 42.44193774648011
1, 32.71052066702396
2, 26.527025131508708
3, 16.50672007817775
4, 11.158544360660017
5, 80.6031723273918
6, 62.2286245925352
7, 21.909545082598925
8, 52.6389759266749
9, 64.75257242564112
10, 31.577527872286737
11, 16.135690547525883
12, 37.14738832786679
13, 73.28558438457549
14, 45.555726368911564
15, 49.04578935820609
16, 8.328449330292642
17, 95.73474335484207
18, 43.17275588400662
19, 3.0193298822268844
1, 63.396261841990054
2, 30.302080302499235
3, 6.082366942428052
4, 47.63652428518981
5, 61.88108033966273
6, 55.53304080385715
7, 68.7821347033605
8, 69.76439177524298
9, 1.8323662923648953
10, 78.3142308704555
11, 36.051545618101954
12, 71.0703756660223
13, 60.02802213188261
14, 84.96872440446168
15, 47.359764599241316
16, 9.282882907427847
17, 21.754638152197003
18, 21.75452378578484
19, 25.233286852017045
1, 69.18910476379097
2, 78.02948541939259
3, 40.826125466264784
4, 14.974665269255638
5, 21.229710266925395
6, 31.801328342407942
7, 2.7103500673547387
8, 27.983122714795172
9, 35.819600080139935
10, 18.913726462051272
11, 12.15326664969325
12, 60.589945083484054
13, 57.141997502185404
14, 56.45604848396033
15, 36.3049125764519
16, 93.45143646933138
17, 38.923762063495815
18, 77.82276871148497
19, 40.38272788748145
1, 29.025042755529284
2, 62.110082688741386
3, 32.701669563539326
4, 64.71560893114656
5, 56.84188585728407
6, 64.77788577321917
7, 78.86774805374444
8, 47.02479464467615
9, 1.3392018154263496
10, 65.96499977167696
11, 55.88706312701106
12, 38.63450833596289
13, 69.6951330639422
14, 38.71885829139501
15, 7.076402776874602
16, 1.4161646831780672
17, 76.82756909634918
18, 50.609038257971406
19, 96.49300621822476
1, 12.50651073642075
2, 50.93462732620537
3, 17.507322411984205
4, 8.80877305753529
5, 42.01019506435841
6, 32.40487058646977
7, 22.046593902632594
8, 53.73720515053719
9, 40.109245595522225
10, 3.4796584397554398
11, 83.02246348466724
12, 53.66875419858843
13, 2.4019635282456875
14, 1.8398834159597754
15, 98.94493422470987
16, 5.901776417158544
17, 48.771681473590434
18, 6.325485277920961
19, 86.08643875923008
1, 42.291405773721635
2, 12.193035869859159
3, 92.05159023404121
4, 36.17116624955088
5, 77.60820940602571
6, 36.081819399259984
7, 28.520412859506905
8, 59.72382561303675
9, 24.510757229290903
10, 91.40718781854957
11, 73.24017342180014
12, 24.21303151641041
13, 58.11148262582719
14, 51.628645276650786
15, 16.707683796994388
16, 98.63187856972218
17, 94.15747462771833
18, 65.84634995087981
19, 34.824346797540784
1, 50.15712333843112
2, 3.7126462208107114
3, 51.82867869734764
4, 54.13294839672744
5, 69.95067787356675
6, 99.39796810504049
7, 5.960741289891303
8, 36.311517213471234
9, 18.78467951901257
10, 42.28757505770773
11, 9.77980475872755
12, 9.998442092910409
13, 88.11582373455167
14, 26.88771376851946
15, 40.07989992387593
16, 66.22823637444526
17, 90.3421432711184
18, 22.966425446793437
19, 82.97007703222334
1, 11.100918310694396
2, 67.48750482220203
3, 85.22955246735364
4, 17.327583744190633
5, 28.24938117992133
6, 91.4293808164075
7, 92.51830894500017
8, 90.27477945201099
9, 3.4723955672234297
10, 57.59797233622521
11, 77.36406822223216
12, 80.87340688798577
13, 15.8719087485224
14, 27.238796767778695
15, 32.88443903438747
16, 0.8794010616838932
17, 69.42349504679441
18, 65.12720165774226
19, 67.44089897256345
1, 63.82249551825225
2, 27.44984847959131
3, 94.02431005146354
4, 92.34967147931457
5, 23.935942025855184
6, 88.84502376895398
7, 58.554704021662474
8, 83.42308765277267
9, 2.0923275500535965
10, 50.0106880441308
11, 45.75973928440362
12, 78.79501720890403
13, 31.25086692161858
14, 53.22088333778083
15, 90.54595401976258
16, 55.57885749731213
17, 13.24764785822481
18, 62.48362779151648
19, 59.48733820114285
1, 12.210878217592835
2, 31.43416817765683
3, 80.54139625746757
4, 24.704281240701675
5, 38.273785333149135
6, 80.75734623707831
7, 85.91125647071749
8, 56.57157530076802
9, 35.50426287110895
10, 83.11401263345033
11, 35.541202733293176
12, 59.691831236705184
13, 40.9386885818094
14, 73.15753910224885
15, 4.49313479475677
16, 6.14068154245615
17, 99.97152870055288
18, 71.94587567355484
19, 82.33838414307684
1, 81.45057859364897
2, 56.7994644632563
3, 16.61892735864967
4, 82.8962963540107
5, 43.094789469614625
6, 77.43724207393825
7, 15.185036533512175
8, 79.2077595833689
9, 50.97003034316003
10, 77.3990111425519
11, 20.321013778448105
12, 31.30642508622259
13, 40.682270214892924
14, 81.00210335105658
15, 47.763577150180936
16, 97.0091407187283
17, 35.958921909332275
18, 3.3395617036148906
19, 16.686708270572126
1, 94.81415310874581
2, 32.423487794585526
3, 99.24014429561794
4, 23.611615784466267
5, 79.70109020825475
6, 59.33025968261063
7, 45.126235694624484
8, 82.3212846647948
9, 67.26607803720981
10, 62.14146539568901
11, 28.894821600988507
12, 98.17462495993823
13, 32.84119840245694
14, 12.068805424496531
15, 30.94272550661117
16, 2.37369816750288
17, 65.73741086758673
18, 1.700264192186296
19, 79.30718234274536
1, 59.564972622320056
2, 38.90357813797891
3, 78.02093352656811
4, 65.08722072467208
5, 44.896092219278216
6, 1.5686128521338105
7, 75.61075298581272
8, 28.39155427645892
9, 0.7418548688292503
10, 58.757018111646175
11, 39.33340236544609
12, 40.62669989652932
13, 79.47449258062989
14, 37.4809110770002
15, 97.18891577795148
16, 23.21464535780251
17, 1.8253839807584882
18, 53.806505096144974
19, 89.17731686960906
1, 45.24370396975428
2, 37.587973033078015
3, 39.41116137430072
4, 56.726813269779086
5, 66.54207229148597
6, 38.754688878543675
7, 75.37532716523856
8, 16.989371622912586
9, 63.49406247027218
10, 18.66979089099914
11, 58.68784112390131
12, 89.6245667943731
13, 16.143534425646067
14, 92.74331144988537
15, 95.87617262732238
16, 59.77130739483982
17, 7.645133091136813
18, 7.416225876659155
19, 10.524284932762384
1, 6.880084541626275
2, 96.72821692656726
3, 94.20113994274288
4, 46.02313053328544
5, 86.88760534860194
6, 91.61291476339102
7, 54.75319507531822
8, 29.174476908519864
9, 98.59100345056504
10, 44.80992532335222
11, 21.614292543381453
12, 66.48116579744965
13, 13.669294468127191
14, 88.94488294608891
15, 68.04769956506789
16, 39.7703304188326
17, 17.58044920861721
18, 44.04973422642797
19, 13.599066180177033
1, 0.10052255820482969
2, 16.146982414647937
3, 51.428897166624665
4, 52.41407575085759
5, 74.27339353598654
6, 89.71687275916338
7, 93.43136502429843
8, 91.34531323798001
9, 77.1621658001095
10, 81.92648945841938
11, 54.661191860213876
12, 25.64770868048072
13, 62.37308634445071
14, 27.531033474951982
15, 71.38552272226661
16, 29.304583510383964
17, 1.1138017755001783
18, 34.43103493191302
19, 38.45073920674622
1, 17.826171522028744
2, 32.74556172545999
3, 60.958165233023465
4, 82.53848133608699
5, 30.97849255427718
6, 91.19994945358485
7, 83.03925453219563
8, 84.83295808546245
9, 72.24364457651973
10, 15.182933630421758
11, 49.87737413030118
12, 95.75976587366313
13, 28.757726028561592
14, 98.13341894187033
15, 79.97792074456811
16, 54.701720154844224
17, 77.92839417234063
18, 96.54912205878645
19, 51.77165966015309
1, 48.36928315926343
2, 58.16522662062198
3, 62.12934022769332
4, 3.298500250093639
5, 71.1590165970847
6, 68.0736733134836
7, 8.811764675192535
8, 11.874111765064299
9, 55.2977537503466
10, 33.06986715178937
11, 82.47203030623496
12, 96.37806541286409
13, 30.21149488631636
14, 70.21835842169821
15, 0.02854617778211832
16, 21.461602859199047
17, 65.75757542159408
18, 69.49442499317229
19, 65.80519436392933
1, 75.12242118827999
2, 23.938097758218646
3, 39.806424151174724
4, 74.45866668131202
5, 87.85183664876968
6, 21.209424128755927
7, 61.768436687998474
8, 84.86896289978176
9, 7.607040600851178
10, 17.354273376986384
11, 8.488793252035975
12, 14.548758859746158
13, 33.02862967830151
14, 18.284692941233516
15, 23.83141480386257
16, 72.19148622825742
17, 50.173403206281364
18, 20.838592969812453
19, 75.8435893105343
1, 71.88643671106547
2, 88.19757346063852
3, 49.79364373721182
4, 82.58783568162471
5, 20.102633256465197
6, 45.57062182575464
7, 13.041452085599303
8, 95.57083260733634
9, 61.07159391976893
10, 63.351704087108374
11, 37.898848415352404
12, 32.46618073899299
13, 64.07903146464378
14, 1.9384907325729728
15, 28.496373095549643
16, 4.0848021395504475
17, 49.09078790806234
18, 33.23815024923533
19, 47.80418584123254
1, 8.632915769703686
2, 43.98339136969298
3, 84.27944607101381
4, 40.04757769871503
5, 96.70025676023215
6, 1.5662282705307007
7, 34.29080757778138
8, 73.39923291001469
9, 8.055513771250844
10, 11.577000026591122
11, 45.90339271817356
12, 89.02298414614052
13, 26.919373380951583
14, 97.98080767504871
15, 91.22633985243738
16, 3.6035920260474086
17, 55.748745636083186
18, 83.95036759320647
19, 20.733182528056204
1, 61.37589616701007
2, 18.96272550802678
3, 11.51519576087594
4, 5.766823026351631
5, 70.74549067765474
6, 12.635796493850648
7, 85.8755582710728
8, 96.28160905558616
9, 74.56992962397635
10, 39.01266979519278
11, 89.73646648228168
12, 46.07195188291371
13, 77.87860890384763
14, 74.02493173722178
15, 51.98773401789367
16, 73.50612003356218
17, 64.75802764762193
18, 21.04196937289089
19, 16.14872848149389
1, 85.15121070668101
2, 53.12822302803397
3, 32.63233797624707
4, 79.62319946382195
5, 39.8435769835487
6, 59.162356378510594
7, 66.9494966743514
8, 84.0314855100587
9, 1.622972241602838
10, 62.40569301880896
11, 34.24446650315076
12, 53.88953716028482
13, 31.74821634311229
14, 35.933686257340014
15, 11.143366200849414
16, 7.1966355899348855
17, 96.43589020706713
18, 68.7537674093619
19, 51.40371003653854
1, 93.08230599854141
2, 95.59737606905401
3, 57.389422482810915
4, 83.16449241247028
5, 61.762899556197226
6, 90.61279548332095
7, 84.78614781051874
8, 10.00172880012542
9, 64.79344149120152
10, 72.51383839175105
11, 44.77695510722697
12, 28.814176726154983
13, 15.566073590889573
14, 36.24588844832033
15, 22.520028077997267
16, 98.34870926570147
17, 9.654476563446224
18, 39.27415367215872
19, 39.523423463106155
1, 20.493826642632484
2, 71.45482471678406
3, 82.04970604274422
4, 11.542407353408635
5, 25.24068453349173
6, 5.752632743678987
7, 23.630704637616873
8, 88.22285109199584
9, 82.45602655224502
10, 32.93205173686147
11, 80.62920379452407
12, 42.30094449594617
13, 77.96595892868936
14, 62.26884352508932
15, 46.115834126248956
16, 78.80948311649263
17, 82.29193366132677
18, 19.009516038931906
19, 81.70022973790765
1, 11.854342697188258
2, 13.14914464019239
3, 65.81927728839219
4, 10.353283770382404
5, 0.3358868882060051
6, 37.013076012954116
7, 15.231084590777755
8, 4.407431767322123
9, 28.575529623776674
10, 54.65806773863733
11, 55.00672124326229
12, 47.34635741915554
13, 49.98699470888823
14, 12.259322591125965
15, 21.02063384372741
16, 11.15819881670177
17, 81.86313647311181
18, 65.19650942645967
19, 53.4991520922631
1, 2.4878419935703278
2, 63.205701881088316
3, 44.85493265092373
4, 48.22049750946462
5, 23.763883346691728
6, 25.83071885164827
7, 99.64299711864442
8, 82.7225593617186
9, 15.53480508737266
10, 65.74759273789823
11, 0.5475258221849799
12, 0.22722706198692322
13, 26.746515813283622
14, 22.51182144973427
15, 56.287942663766444
16, 31.70349020510912
17, 28.01348778884858
18, 73.66917794570327
19, 41.48815420921892
1, 14.713996974751353
2, 53.527203015983105
3, 90.29504407662898
4, 55.07194991223514
5, 28.342252620495856
6, 2.77993967756629
7, 81.72667946200818
8, 81.32831088732928
9, 26.03866986464709
10, 7.699051965028048
11, 73.89521703589708
12, 62.416794430464506
13, 49.572278815321624
14, 32.453553029336035
15, 16.39221932273358
16, 21.631052112206817
17, 65.26350679341704
18, 63.53038640227169
19, 1.3073161477223039
1, 85.03692883532494
2, 57.81218612100929
3, 3.6404279060661793
4, 15.609337575733662
5, 9.933732356876135
6, 18.679966451600194
7, 38.92977419309318
8, 68.50387358572334
9, 62.657622154802084
10, 53.485970897600055
11, 50.83841246087104
12, 72.34289657790214
13, 18.05930593982339
14, 8.200102532282472
15, 44.97503072489053
16, 7.708919653669
17, 74.35065156314522
18, 99.25330309197307
19, 58.361350861378014
1, 45.26236073579639
2, 91.46592153701931
3, 66.43876256421208
4, 52.439255616627634
5, 24.576751422137022
6, 88.31812040880322
7, 39.31084549985826
8, 30.634790612384677
9, 77.72677724715322
10, 9.362907987087965
11, 7.989008235745132
12, 66.8979735346511
13, 21.76066180691123
14, 49.34991938062012
15, 50.28884173370898
16, 33.52993282023817
17, 1.5553135192021728
18, 21.49965721182525
19, 63.24256977532059
1, 19.333460368216038
2, 87.45484708342701
3, 56.41811571549624
4, 47.69658064469695
5, 63.32872626371682
6, 15.933750639669597
7, 65.52543311845511
8, 29.830024670809507
9, 91.01973499637097
10, 92.59679610840976
11, 40.04375834483653
12, 43.25421147514135
13, 93.14080749172717
14, 52.85585846286267
15, 43.91209902241826
16, 14.01990472804755
17, 95.60046254191548
18, 91.10964830033481
19, 55.9956164797768
1, 25.29517279472202
2, 21.914315805770457
3, 25.988378725014627
4, 71.01436939556152
5, 25.573471770621836
6, 0.695513840764761
7, 93.61644482705742
8, 40.29268664307892
9, 88.36819368880242
10, 35.92856980394572
11, 43.28266631346196
12, 93.87623779475689
13, 92.17252638190985
14, 89.53786604106426
15, 36.18373677600175
16, 99.96773805469275
17, 96.6761413961649
18, 72.1549468813464
19, 1.3069116277620196
1, 87.44079410098493
2, 0.4509460646659136
3, 49.68429338186979
4, 78.47159383818507
5, 21.27975164912641
6, 41.74308830406517
7, 56.463975412771106
8, 71.42264642752707
9, 6.549132312647998
10, 91.11194955185056
11, 86.93181506823748
12, 12.77368653099984
13, 27.686587278731167
14, 1.5596168115735054
15, 3.5178899532184005
16, 69.3334313808009
17, 20.800792914815247
18, 12.00838761869818
19, 12.289951066486537
1, 68.07875528465956
2, 3.927081706933677
3, 60.360302845947444
4, 44.608311634510756
5, 30.480938032269478
6, 63.084375648759305
7, 22.068815934471786
8, 80.52788611967117
9, 71.15195512305945
10, 78.07673818897456
11, 5.727751343511045
12, 64.36272354330868
13, 80.60695964377373
14, 32.828072644770145
15, 84.11166812293231
16, 69.87516363151371
17, 41.51920082513243
18, 99.18555219192058
19, 22.382189333438873
1, 6.482323468662798
2, 50.61357389204204
3, 60.52666725590825
4, 96.8059716746211
5, 31.16133799776435
6, 13.180693029426038
7, 56.73345241229981
8, 70.75951765291393
9, 77.7876015752554
10, 7.96388213057071
11, 39.85799963120371
12, 18.005734053440392
13, 23.26046722009778
14, 16.2189680384472
15, 68.35856481920928
16, 7.498298631981015
17, 33.101369766518474
18, 54.675079975277185
19, 62.975723668932915
1, 49.16589818894863
2, 15.894399117678404
3, 36.63339598570019
4, 4.737741034477949
5, 57.138078985735774
6, 85.11901698075235
7, 79.02721122372895
8, 80.3471845574677
9, 96.91184326075017
10, 88.45497067086399
11, 41.011295933276415
12, 19.532522652298212
13, 5.967585230246186
14, 25.57273011188954
15, 82.55900151561946
16, 83.58450511004776
17, 36.435333150438964
18, 98.89985884074122
19, 6.959404866211116
1, 71.25370658468455
2, 97.8016119915992
3, 41.34881345089525
4, 84.1449232539162
5, 85.6642372906208
6, 40.568771632388234
7, 32.86195294931531
8, 86.36067295446992
9, 68.51989268325269
10, 82.58855093736202
11, 53.20642318110913
12, 53.91887796577066
13, 66.8008531210944
14, 50.09473992977291
15, 97.33386964071542
16, 75.55765896104276
17, 79.2096838587895
18, 95.68627865519375
19, 70.69881830830127
1, 1.235959306359291
2, 76.56390490010381
3, 26.90656774211675
4, 71.44637543242425
5, 44.42688946146518
6, 15.567819401621819
7, 68.48233782220632
8, 65.78983364161104
9, 96.01658915635198
10, 17.43591020349413
11, 10.906383907422423
12, 80.2698360523209
13, 55.91652623843402
14, 72.38889331929386
15, 55.9472193242982
16, 27.838240517303348
17, 1.8363547045737505
18, 50.27293870225549
19, 13.576039695180953
1, 83.59887597616762
2, 96.02551171556115
3, 89.69541213009506
4, 9.14409775286913
5, 96.26298954244703
6, 90.70536126382649
7, 67.3485160805285
8, 70.12877317611128
9, 65.32150362618268
10, 36.58298358786851
11, 98.40072982478887
12, 61.57694607973099
13, 21.09311551321298
14, 35.381606593728065
15, 14.748760592192411
16, 93.11928090173751
17, 54.5542711392045
18, 77.00045288074762
19, 44.01773698627949
1, 44.63766657281667
2, 55.689081782475114
3, 7.978347735479474
4, 84.63866545353085
5, 82.3684842325747
6, 42.63722337782383
7, 12.575882556848228
8, 90.62544386833906
9, 94.1306394059211
10, 61.73118958249688
11, 36.023726873099804
12, 64.56313864327967
13, 69.52859393786639
14, 6.768756126984954
15, 77.76578199118376
16, 99.7684498783201
17, 83.55879455339164
18, 95.11634386144578
19, 71.78249135613441
1, 97.56999725941569
2, 3.374451631680131
3, 75.15923657920212
4, 75.70911177899688
5, 33.381814672611654
6, 4.05194447375834
7, 37.04121324699372
8, 46.03127823211253
9, 38.24455812573433
10, 29.056033911183476
11, 47.043935023248196
12, 22.039006906561553
13, 18.407233129255474
14, 51.358355954289436
15, 70.45514238998294
16, 27.693926892243326
17, 57.05469041131437
18, 57.98897221684456
19, 30.19523851107806
1, 52.80908870045096
2, 62.00751548167318
3, 71.21390204411
4, 88.20850292686373
5, 44.78157309349626
6, 16.83662950526923
7, 66.72567063942552
8, 73.51914788596332
9, 19.80817245785147
10, 61.7426440352574
11, 10.476762289181352
12, 57.672645431011915
13, 45.555105968378484
14, 16.809887741692364
15, 65.05785605404526
16, 98.06457129307091
17, 35.39128880947828
18, 31.38658998068422
19, 22.65105633996427
1, 94.87804498057812
2, 5.147487646900117
3, 73.74058668501675
4, 45.58506242465228
5, 78.93802947364748
6, 24.26385951694101
7, 79.81722438707948
8, 6.454873480834067
9, 64.74531476851553
10, 79.28922055289149
11, 42.55417201202363
12, 6.067611952312291
13, 72.2303019836545
14, 42.27918938267976
15, 85.26946341153234
16, 35.240203654393554
17, 67.46302999090403
18, 45.843031094409525
19, 89.31078319437802
1, 68.79055080935359
2, 18.593701161444187
3, 66.0453244810924
4, 38.465060968883336
5, 77.58197265211493
6, 62.72062840871513
7, 99.19433922041208
8, 95.58848848100752
9, 91.79989448748529
10, 58.83124719839543
11, 30.95945264212787
12, 22.118930472061038
13, 63.80728888325393
14, 35.988723556511104
15, 23.847876000218093
16, 55.951889930292964
17, 97.95168901327997
18, 69.55704337451607
19, 17.96009207610041
1, 95.06881169509143
2, 89.13878903258592
3, 31.805636058561504
4, 5.2919353591278195
5, 4.980898881331086
6, 9.581440407782793
7, 74.88579025957733
8, 86.4916010061279
9, 78.12254284508526
10, 46.4753994718194
11, 63.472120044752955
12, 36.5375422174111
13, 61.41234980896115
14, 92.54628354683518
15, 11.670321505516768
16, 70.28705500997603
17, 49.56639362499118
18, 23.117468575946987
19, 31.957852630876005
1, 47.24030769430101
2, 19.675791985355318
3, 28.646860364824533
4, 69.38679968006909
5, 3.691250062547624
6, 66.83788707014173
7, 5.268322676420212
8, 68.63026390783489
9, 67.51077994704247
10, 19.50545832514763
11, 39.35499640647322
12, 20.036489912308753
13, 34.57477572374046
14, 64.67142675537616
15, 48.7736348528415
16, 50.59439509641379
17, 9.847780759446323
18, 39.139345567673445
19, 85.92709873337299
1, 51.672784658148885
2, 33.052405691705644
3, 74.75460153073072
4, 95.1508650323376
5, 10.622378368861973
6, 15.81565965898335
7, 76.00284088402987
8, 98.13587262760848
9, 48.91660853754729
10, 52.987168985418975
11, 29.46656357962638
12, 51.516628032550216
13, 45.425282744690776
14, 45.090179750695825
15, 37.150056986138225
16, 37.12384905666113
17, 60.90984104666859
18, 91.52228769380599
19, 2.44931613560766
1, 76.7482987837866
2, 1.014329120516777
3, 35.30312879011035
4, 87.14800155721605
5, 56.511722365394235
6, 48.43696758616716
7, 86.31282085552812
8, 80.62667271587998
9, 1.4201570069417357
10, 53.10012437403202
11, 79.52063193079084
12, 77.42946150247008
13, 85.92982904519886
14, 90.2315896237269
15, 20.928103174082935
16, 32.07269909325987
17, 65.69067356176674
18, 73.5098254866898
19, 52.22502397373319
1, 23.014228674583137
2, 36.69709865935147
3, 49.90017218515277
4, 19.994775066152215
5, 56.80756845977157
6, 38.89499211218208
7, 37.839478929527104
8, 38.235372048802674
9, 59.47737654205412
10, 38.15579309593886
11, 15.627593058161438
12, 54.14590972941369
13, 10.797483916394413
14, 10.856360639445484
15, 58.29985924065113
16, 5.319242947734892
17, 14.251383766531944
18, 95.08000425994396
19, 83.2805801415816
1, 91.33273917250335
2, 23.389920662157238
3, 6.666694371961057
4, 24.663247144781053
5, 64.8522620787844
6, 36.13258344121277
7, 45.083143818192184
8, 95.14621864072978
9, 18.702663923613727
10, 53.04317339323461
11, 52.69044290762395
12, 21.43449136056006
13, 78.55699127539992
14, 74.81606006622314
15, 23.134826752357185
16, 45.70411597378552
17, 39.6540492773056
18, 92.28901437018067
19, 93.48134286701679
1, 84.29908528923988
2, 16.32022464182228
3, 25.61558827292174
4, 66.1520253168419
5, 92.19000835437328
6, 88.51416034158319
7, 27.10725930519402
8, 55.25497316848487
9, 56.61027943715453
10, 51.89833694603294
11, 51.472292630933225
12, 43.09016254264861
13, 85.02814769744873
14, 30.049503804184496
15, 11.521277343854308
16, 20.38858882151544
17, 39.762251987122
18, 64.87933243624866
19, 42.22524198703468
1, 79.45432574488223
2, 75.45572814997286
3, 6.104237330146134
4, 50.58113210834563
5, 47.008086158894
6, 86.74537451006472
7, 98.82637911941856
8, 54.74861394613981
9, 47.53784870263189
10, 63.09652989730239
11, 49.88536178134382
12, 48.53108134120703
13, 13.172279787249863
14, 94.28169692400843
15, 0.4920146893709898
16, 4.415952903218567
17, 91.76048042718321
18, 36.34974972810596
19, 39.766051224432886
1, 52.97830842901021
2, 59.62081833276898
3, 63.2110561709851
4, 44.43313172087073
5, 24.80090227909386
6, 84.79621375445276
7, 86.82823684066534
8, 15.011020470410585
9, 3.233374562114477
10, 86.96084313560277
11, 18.036549002863467
12, 94.04124906286597
13, 96.43197269178927
14, 9.320324542932212
15, 32.49692867975682
16, 13.758752541616559
17, 96.64690776262432
18, 18.35315707139671
19, 68.39491855353117
1, 77.27184027899057
2, 83.0584243638441
3, 43.421820318326354
4, 44.31382373441011
5, 44.456670666113496
6, 65.65078508574516
7, 24.138223589397967
8, 89.75726556964219
9, 32.276942138560116
10, 21.12160932738334
11, 56.97769210673869
12, 34.15420816745609
13, 7.31527884490788
14, 77.67809354700148
15, 10.625946428626776
16, 66.70828473288566
17, 37.1980756521225
18, 35.387071734294295
19, 30.7692545466125
1, 30.283298203721642
2, 62.39730396773666
3, 74.94109612889588
4, 4.983792034909129
5, 84.76682030595839
6, 23.655666690319777
7, 56.37184556107968
8, 65.5537006445229
9, 70.87009083479643
10, 15.660157380625606
11, 76.68058970011771
12, 77.8728193603456
13, 71.02922787889838
14, 18.86324230581522
15, 1.8515371019020677
16, 26.593224750831723
17, 34.7268981160596
18, 54.739355109632015
19, 34.4881362747401
1, 12.934347218833864
2, 40.713756694458425
3, 61.4103744039312
4, 37.94703492894769
5, 96.27912065479904
6, 5.442020879127085
7, 55.430649057962
8, 84.92660881020129
9, 65.37077140528709
10, 32.94664677232504
11, 26.807761075906456
12, 46.93115949630737
13, 58.11600708402693
14, 41.60957518033683
15, 40.96795849036425
16, 97.88171874824911
17, 82.78828095644712
18, 13.985214731656015
19, 65.14479657635093
1, 86.57349466811866
2, 53.17295405548066
3, 41.617576126009226
4, 79.00151582434773
5, 94.2169756628573
6, 47.78655606787652
7, 18.929952778853476
8, 94.31433293502778
9, 87.62671458534896
10, 28.034873912110925
11, 79.61551081389189
12, 99.1489409469068
13, 63.82668581791222
14, 19.937487551942468
15, 29.042398231104016
16, 90.99883541930467
17, 2.023471030406654
18, 97.4158586235717
19, 67.8037510951981
1, 80.94964402262121
2, 7.325310353189707
3, 58.02071501966566
4, 1.8595879431813955
5, 76.92273762077093
6, 7.323995931074023
7, 29.015488177537918
8, 85.59794095344841
9, 26.254957960918546
10, 68.18780421745032
11, 87.4705123482272
12, 48.86379265226424
13, 2.011713827960193
14, 62.60919254273176
15, 42.71021792665124
16, 45.41969341225922
17, 58.98853223770857
18, 89.91350149735808
19, 85.99846574943513
1, 48.42043037060648
2, 87.82728873193264
3, 67.8300671512261
4, 80.16004161909223
5, 64.2566307913512
6, 77.4764170171693
7, 18.144422373734415
8, 71.0456517059356
9, 8.916350221261382
10, 36.58701982349157
11, 38.43691134825349
12, 67.48523069545627
13, 64.96954471804202
14, 95.01644882839173
15, 26.361581566743553
16, 22.581451875157654
17, 10.888562072068453
18, 47.11494008079171
19, 27.445560158230364
1, 5.717535340227187
2, 82.95072298496962
3, 43.82024446967989
4, 49.46840149350464
5, 31.265813088975847
6, 23.867684067226946
7, 17.10577025078237
8, 68.19434226490557
9, 96.4485279051587
10, 8.820991078391671
11, 87.07886659540236
12, 94.4210478104651
13, 58.39680810458958
14, 85.21032796707004
15, 52.32195993885398
16, 82.86676541902125
17, 23.283670633099973
18, 80.4227079031989
19, 47.60590672958642
1, 24.9611159786582
2, 13.332802709192038
3, 15.36030254792422
4, 67.8078579949215
5, 41.717805340886116
6, 23.318954510614276
7, 10.244033811613917
8, 80.95504723023623
9, 74.9228828586638
10, 75.57067612651736
11, 96.0199652472511
12, 75.92665131669492
13, 26.37942924629897
14, 51.846679765731096
15, 95.04160799551755
16, 96.70350735541433
17, 72.66511926427484
18, 14.031850174069405
19, 98.79357607569546
1, 48.94415969029069
2, 82.93475937098265
3, 77.05007132608443
4, 44.166611530818045
5, 77.1241303998977
6, 99.59488313179463
7, 4.788209544494748
8, 22.695181681774557
9, 96.05245376005769
10, 46.71452359762043
11, 18.123832647688687
12, 72.11525272578001
13, 54.46215965785086
14, 98.20187392178923
15, 41.852803574875
16, 85.44319772627205
17, 13.71457299683243
18, 2.8202235465869308
19, 30.47251987736672
1, 12.020493997260928
2, 38.046249095350504
3, 94.86328635830432
4, 30.616336618550122
5, 58.62808427773416
6, 5.542633472941816
7, 85.17051534727216
8, 12.642098334617913
9, 29.309377470053732
10, 68.38220718782395
11, 29.384526796638966
12, 50.159620586782694
13, 57.96118115540594
14, 26.389995752833784
15, 14.132210169918835
16, 26.128843729384243
17, 34.02343266643584
18, 0.8296861546114087
19, 49.622614425607026
1, 35.399282281287014
2, 57.291299337521195
3, 81.9068945478648
4, 86.64988465607166
5, 51.96604349184781
6, 86.67260736692697
7, 61.85359456576407
8, 64.5341275492683
9, 46.96546085178852
10, 9.930287045426667
11, 43.77720539923757
12, 20.518542733043432
13, 46.640922874212265
14, 58.70897781569511
15, 87.77663710061461
16, 50.57987500913441
17, 69.780144514516
18, 3.4626291133463383
19, 84.58941620774567
1, 88.87459738180041
2, 5.232144054025412
3, 5.598015291616321
4, 74.04863089323044
5, 77.95109776780009
6, 20.178739307448268
7, 38.397895731031895
8, 37.96907097566873
9, 8.098832285031676
10, 82.40651357918978
11, 90.47363996505737
12, 25.361661287024617
13, 58.35190543439239
14, 57.366861146874726
15, 54.54321280121803
16, 71.85627373401076
17, 24.611211963929236
18, 35.027129435911775
19, 47.016284870915115
1, 21.820997865870595
2, 31.218599155545235
3, 51.8044488504529
4, 15.684380219317973
5, 89.60037166252732
6, 58.03409046493471
7, 75.74145074468106
8, 14.138205349445343
9, 51.41756352968514
10, 56.67875239159912
11, 77.65441620722413
12, 78.27090215869248
13, 48.60290300566703
14, 31.5582356415689
15, 77.0439641783014
16, 18.313543242402375
17, 37.98721500206739
18, 37.087226286530495
19, 91.96480549871922
1, 81.69867126271129
2, 4.312296840362251
3, 18.401231011375785
4, 34.88718355074525
5, 80.10448794811964
6, 51.30612668581307
7, 11.774468654766679
8, 54.79024697560817
9, 76.09010396990925
10, 98.2991922646761
11, 32.35609291587025
12, 45.50569977145642
13, 17.514505377039313
14, 46.70696679968387
15, 56.81327856145799
16, 57.87299368530512
17, 11.06616915203631
18, 19.19414298608899
19, 35.609673452563584
1, 96.57621970400214
2, 41.85627596452832
3, 40.75608004350215
4, 22.29815882164985
5, 56.65903650224209
6, 34.94587449822575
7, 78.18538283463567
8, 75.28171050362289
9, 27.158335084095597
10, 71.68282505590469
11, 66.26738118939102
12, 96.21422579512
13, 14.396035415120423
14, 69.25027014221996
15, 90.30343196354806
16, 26.74997174181044
17, 3.392372955568135
18, 90.00164822209626
19, 87.67526017036289
1, 91.18553376756608
2, 47.90612384676933
3, 92.91033518966287
4, 43.912014830857515
5, 25.18821528647095
6, 66.778234555386
7, 23.84862219914794
8, 92.4189175479114
9, 59.07666583079845
10, 20.19649704452604
11, 39.841037266887724
12, 14.710147818550467
13, 97.30371115729213
14, 8.044150867499411
15, 95.18379047513008
16, 77.5521801551804
17, 20.887704682536423
18, 75.71349169593304
19, 1.8968107178807259
1, 78.91646057832986
2, 21.730016986839473
3, 67.16978535987437
4, 88.65690010134131
5, 41.075619659386575
6, 90.64932700712234
7, 20.31250214204192
8, 95.58781329542398
9, 69.80526661500335
10, 62.13049727957696
11, 6.544490973465145
12, 76.99266253039241
13, 63.33618303760886
14, 63.513733237050474
15, 94.06396562699229
16, 27.347747166641057
17, 34.33654438704252
18, 17.05873275641352
19, 6.75838915631175
1, 95.84163827821612
2, 94.501246442087
3, 38.604921638034284
4, 50.6971423747018
5, 75.1315304543823
6, 87.02064487151802
7, 25.496244989335537
8, 11.039713420905173
9, 8.284420450218022
10, 76.54729704372585
11, 50.04863543435931
12, 35.697190929204226
13, 94.475407153368
14, 47.83567145932466
15, 11.236622207798064
16, 39.223220106214285
17, 19.846144085749984
18, 49.23905124887824
19, 42.22403552848846
1, 47.2108403686434
2, 92.77232908643782
3, 34.30390367284417
4, 49.769694497808814
5, 49.3250087602064
6, 11.980725242756307
7, 18.360210000537336
8, 84.20072079170495
9, 83.01999035757035
10, 20.411106012761593
11, 77.9333635699004
12, 70.63474545720965
13, 25.22492294665426
14, 43.405335396528244
15, 49.36507006641477
16, 35.14739836100489
17, 56.62683073896915
18, 25.117039517499506
19, 59.85019046347588
1, 37.800247804261744
2, 19.134814431890845
3, 55.65180683042854
4, 3.8081342354416847
5, 82.06852055154741
6, 27.26968419738114
7, 8.990005240775645
8, 62.736137001775205
9, 58.893699501641095
10, 66.03256731759757
11, 26.643158146180212
12, 44.85921273007989
13, 93.79084615502506
14, 31.198619795031846
15, 9.400376118719578
16, 64.19355240650475
17, 86.68604078702629
18, 16.20416648220271
19, 7.219044165685773
1, 16.082892916165292
2, 82.35377841629088
3, 44.698724639602005
4, 81.67331137228757
5, 17.134063504636288
6, 86.19479797780514
7, 24.955668672919273
8, 12.562238425016403
9, 34.75392838008702
10, 52.70949199330062
11, 50.924082682468
12, 33.53907782584429
13, 69.02724751271307
14, 24.8136879876256
15, 14.71289349719882
16, 48.87795185204595
17, 32.66647208947688
18, 19.732043938711286
19, 56.232432392425835
1, 27.162582939490676
2, 50.01836693845689
3, 92.16218257788569
4, 82.13259985204786
5, 22.96575123909861
6, 52.79914343263954
7, 92.69760982133448
8, 69.62579661048949
9, 71.20333001948893
10, 95.15636544674635
11, 93.27988219447434
12, 4.623998422175646
13, 9.6359838033095
14, 78.55347467120737
15, 87.87841945886612
16, 24.233332416042686
17, 24.66405094601214
18, 69.74997555371374
19, 38.5879895882681
1, 37.088190438225865
2, 20.015518204309046
3, 43.589751119725406
4, 93.79840402398258
5, 70.25670064613223
6, 14.816967071965337
7, 57.550598215311766
8, 16.17402241099626
9, 41.447883541695774
10, 73.73972090426832
11, 55.705856159329414
12, 22.799643757753074
13, 6.251119077205658
14, 12.607660773210227
15, 66.0095832310617
16, 95.50066059455276
17, 93.25047330930829
18, 74.95513344183564
19, 64.52821653801948
1, 39.08906225115061
2, 81.0553626390174
3, 23.203278752043843
4, 2.151420130394399
5, 92.7512559806928
6, 31.38672423083335
7, 38.64357131533325
8, 30.158324725925922
9, 78.23718574363738
10, 21.948155760765076
11, 54.161601583473384
12, 91.3843949791044
13, 63.271584594622254
14, 68.58505757991225
15, 47.21189611591399
16, 0.12344301212579012
17, 43.75490790698677
18, 27.43117797654122
19, 53.839833778329194
1, 9.730062470771372
2, 93.10023859143257
3, 18.566115549765527
4, 70.94105656724423
5, 85.14892724342644
6, 40.5239115934819
7, 96.24757699202746
8, 20.630458067171276
9, 96.68537974357605
10, 17.32927227858454
11, 59.32574768085033
12, 44.087428133934736
13, 22.298480197787285
14, 57.58962307590991
15, 15.31879787798971
16, 27.322906139306724
17, 66.26136437989771
18, 0.1981070963665843
19, 15.303830616176128
1, 32.49726020731032
2, 15.425696782767773
3, 72.0933772623539
4, 63.35657937452197
5, 24.61920236237347
6, 72.06967289093882
7, 19.802547711879015
8, 49.80824710801244
9, 42.341074463911355
10, 94.31440599728376
11, 94.15441013406962
12, 8.878757827915251
13, 45.97132639028132
14, 15.096672298386693
15, 53.25599673669785
16, 27.337441593408585
17, 27.780731767416
18, 34.3283497961238
19, 77.76778552215546
1, 35.33554095774889
2, 94.07885468099266
3, 98.3150573913008
4, 16.194608411751688
5, 43.16744031384587
6, 97.19521370716393
7, 36.3281972007826
8, 50.92889906372875
9, 12.619185913354158
10, 1.5261794906109571
11, 85.90487812180072
12, 22.94940312858671
13, 75.02666530199349
14, 55.398723226971924
15, 18.797824601642787
16, 98.55147209018469
17, 16.97453574743122
18, 91.13260156009346
19, 52.309861266985536
1, 61.45785474218428
2, 33.41543248388916
3, 13.491128594614565
4, 17.485769651830196
5, 8.014797838404775
6, 43.162648123688996
7, 11.266801925376058
8, 67.68547629471868
9, 9.985410049557686
10, 81.20151399634778
11, 91.79830772336572
12, 26.936574815772474
13, 33.34289954509586
14, 65.51101990044117
15, 83.74183678533882
16, 31.450461130589247
17, 7.19157406128943
18, 18.451207969337702
19, 55.808369792066514
1, 75.50312792882323
2, 63.86522657703608
3, 10.40369055699557
4, 19.90992482751608
5, 12.263896060176194
6, 96.28285868093371
7, 54.04662841465324
8, 93.04854779038578
9, 82.92195906396955
10, 38.40605057775974
11, 94.87501808907837
12, 53.77506639342755
13, 57.47412240598351
14, 32.91682177223265
15, 94.8401399422437
16, 10.951102571561933
17, 10.440675215795636
18, 74.33431458193809
19, 93.30804613418877
1, 28.583461651578546
2, 18.85812170803547
3, 78.48726729862392
4, 91.50846332777292
5, 28.52650780696422
6, 86.70691745355725
7, 96.6126921121031
8, 25.280186790041625
9, 54.41540223546326
10, 20.789592736400664
11, 84.78856203146279
12, 46.29800857510418
13, 3.0922851990908384
14, 2.62171127833426
15, 2.800346026197076
16, 64.90839987527579
17, 61.6845075506717
18, 63.52083480451256
19, 33.01525725983083
1, 80.99926426075399
2, 89.86059960443527
3, 44.13400776684284
4, 67.28465829510242
5, 86.08386383857578
6, 3.523289575241506
7, 4.430966079235077
8, 43.547356594353914
9, 36.6276322863996
10, 0.9182668291032314
11, 67.52688975539058
12, 7.332985708490014
13, 93.68918193504214
14, 80.49790833611041
15, 61.35613939259201
16, 73.15654433332384
17, 82.30320997536182
18, 40.493499441072345
19, 37.80530400108546
1, 25.268513662740588
2, 14.958342537283897
3, 38.06912580039352
4, 13.917745091021061
5, 25.85001145489514
6, 59.37022173311561
7, 55.05244047380984
8, 85.13136408291757
9, 1.5060421545058489
10, 15.769183682277799
11, 36.9893979979679
12, 1.2970149517059326
13, 10.34155311062932
14, 59.2872352572158
15, 45.080143958330154
16, 45.83771110046655
17, 99.42316717933863
18, 45.35571306478232
19, 3.7412183824926615
1, 52.37353192642331
2, 8.15140432678163
3, 62.30563782155514
4, 95.82741262856871
5, 59.04768912587315
6, 91.38052428606898
7, 8.869297034107149
8, 77.9032587306574
9, 9.768682043068111
10, 24.75194486323744
11, 82.89519643876702
12, 45.36267265211791
13, 10.661802208051085
14, 26.87429052311927
15, 67.54176511894912
16, 93.39424327481538
17, 88.10393169987947
18, 27.081335405819118
19, 81.13960521295667
1, 53.38697680272162
2, 43.63609303254634
3, 67.45749490801245
4, 36.65445784572512
5, 81.58565028570592
6, 97.71255371160805
7, 99.1685321321711
8, 31.344318622723222
9, 59.72595801576972
10, 81.06325098779052
11, 68.36886175442487
12, 20.755718927830458
13, 75.26704098563641
14, 60.20399385597557
15, 20.496109640225768
16, 32.98527786973864
17, 39.23656903207302
18, 76.8513613846153
19, 7.273528468795121
1, 8.877328736707568
2, 93.86316172312945
3, 59.52017188537866
4, 34.372081933543086
5, 95.20592279732227
6, 3.128316788934171
7, 85.43588509783149
8, 63.50451970938593
9, 32.93079216964543
10, 47.46295481454581
11, 90.77575702685863
12, 36.33118791040033
13, 4.90365035366267
14, 96.23505047056824
15, 87.63994404580444
16, 51.62844711448997
17, 24.941018247045577
18, 51.983622019179165
19, 76.1720165843144
1, 3.165987879037857
2, 49.306553741917014
3, 64.39801403321326
4, 34.052416076883674
5, 41.265823086723685
6, 32.83926316071302
7, 68.31895080395043
8, 87.19135622959584
9, 46.424609050154686
10, 18.000408727675676
11, 13.560859533026814
12, 95.77676658518612
13, 25.33835880458355
14, 13.712409045547247
15, 58.17937080282718
16, 3.4081086050719023
17, 77.58882867638022
18, 64.4751220010221
19, 63.94008181523532
1, 73.56717539951205
2, 83.38548708707094
3, 9.21920919790864
4, 60.73934626765549
5, 88.79718028474599
