2015-08-18T17:21:47.584Z
inputhotairgates:undefined
inputairvents:undefined
inputinitmoisture:undefined
inputburnertemp:undefined
inputdischargetime:undefined
inputfinalmoisture:undefined
19, 13.113040756434202
1, 97.49906121287495
2, 76.54402463231236
3, 91.27544588409364
4, 89.86340439878404
5, 74.88098910544068
6, 25.229013711214066
7, 28.236507484689355
8, 70.57467040140182
9, 96.07320500072092
10, 50.41677684057504
11, 88.6782776331529
12, 26.75796349067241
13, 70.23363215848804
14, 77.88953981362283
15, 75.93822774942964
inputgraintype:undefined
inputgrainmass:undefined
